,Province,new,total,WOJ,lat,long
0,DOLNOŚLĄSKIE,21.0,21.0,2,51.1078852,17.0385376
1,KUJAWSKO-POMORSKIE,4.0,25.0,4,53.01375,18.59814
2,LUBELSKIE,13.0,38.0,6,51.246452,22.568445
3,LUBUSKIE,2.0,40.0,8,51.935619,15.506186
4,MAZOWIECKIE,104.0,144.0,14,52.232222,21.008333
5,MAŁOPOLSKIE,19.0,163.0,12,50.061389,19.938333
6,OPOLSKIE,3.0,166.0,16,50.664722,17.926944
7,PODKARPACKIE,10.0,176.0,18,50.033611,22.004722
8,PODLASKIE,9.0,185.0,20,53.135278,23.145556
9,POMORSKIE,4.0,189.0,22,54.366667,18.633333
10,WARMIŃSKO-MAZURSKIE,2.0,191.0,28,53.773056,20.476111
11,WIELKOPOLSKIE,9.0,200.0,30,52.408333,16.934167
12,ZACHODNIOPOMORSKIE,11.0,211.0,32,53.438056,14.542222
13,ŁÓDZKIE,17.0,228.0,10,51.776667,19.454722
14,ŚLĄSKIE,24.0,252.0,24,50.264167,19.023611
15,ŚWIĘTOKRZYSKIE,5.0,257.0,26,50.874167,20.633333
